       0     1456
       1     6990
       2      570
       3   -20007
       4    14817
       5    14160
       6    -7399
       7      633
       8     4927
       9    24227
      10    17929
      11     8391
      12    -1094
      13     7322
      14    -2213
      15    10137
      16   -30949
      17    -1192
      18     7526
      19   -10048
      20     4904
      21    -8594
      22     7008
      23   -18783
      24    -8953
      25    13594
      26      664
      27     5161
      28     4730
      29     8757
      30     1256
      31   -11002
      32     2684
      33    -2866
      34    -2987
      35     4161
      36    16935
      37    -4811
      38   -14270
      39    -7254
      40    10556
      41   -11455
      42   -11331
      43     6793
      44   -18509
      45   -14564
      46      269
      47   -14272
      48     4130
      49     6819
      50     4856
      51    10937
      52   -23251
      53    24100
      54    -3575
      55    -7554
      56    -6036
      57    -2213
      58     1830
      59   -15494
      60     9456
      61   -21413
      62    -6817
      63    -4156
      64     5012
      65    -6298
      66     9282
      67    -5633
      68    -3301
      69    -1100
      70    -2755
      71     4256
      72    23268
      73     -777
      74    -6259
      75     9694
      76    13877
      77    -2025
      78     4166
      79    16327
      80    -8181
      81    -2854
      82   -23484
      83     5280
      84       78
      85     7570
      86   -14753
      87   -14540
      88     8964
      89   -12877
      90   -24583
      91     4201
      92     8254
      93    -8145
      94    -1739
      95     5900
      96    -8983
      97   -16270
      98   -19505
      99    -1993
     100    -4022
     101   -11890
     102     2576
     103      218
     104    -9966
     105   -17478
     106    10995
     107     5261
     108    -4421
     109     8115
     110    -2465
     111    -4268
     112    -2895
     113    13384
     114   -10590
     115    10727
     116       32
     117   -11290
     118    -7331
     119   -17469
     120   -12055
     121    -8164
     122     6605
     123   -21080
     124   -10593
     125    15625
     126     6932
     127   -11000
     128     7730
     129    -2873
     130      512
     131    -5973
     132     7893
     133    11941
     134    -8328
     135   -17760
     136     4127
     137   -11062
     138    16950
     139     2105
     140    14660
     141      555
     142    11557
     143    -2458
     144      189
     145    26921
     146    -2764
     147   -17163
     148    -2102
     149     1326
     150      184
     151     4374
     152    11847
     153    20640
     154    -5295
     155     9718
     156     7108
     157   -17624
     158    -9582
     159   -19490
     160   -10019
     161    -1933
     162   -14643
     163   -10125
     164    15827
     165   -16407
     166     2119
     167     5305
     168    -4162
     169    -9966
     170    -6031
     171   -13045
     172    -2194
     173    -6349
     174    16948
     175     5241
     176   -15360
     177    -4539
     178    -4286
     179    14036
     180     -695
     181   -20736
     182   -10196
     183      126
     184    -7661
     185     8026
     186     5765
     187    -3595
     188    -6592
     189    16477
     190     6326
     191    -2960
     192    14330
     193    -9151
     194     9453
     195      225
     196     8940
     197    -3689
     198    -3791
     199    12514
     200     5356
     201    -3737
     202     3557
     203    -2335
     204    10384
     205     3705
     206    11898
     207     2359
     208     2246
     209    -3614
     210    12399
     211     9524
     212   -13997
     213    -4623
     214     3615
     215     1748
     216     8745
     217   -11354
     218     6450
     219   -15645
     220    11419
     221    -5624
     222    10615
     223   -20286
     224    16863
     225    18353
     226     1572
     227     5998
     228   -32440
     229    10119
     230    17880
     231    -4123
     232     -582
     233     9632
     234   -14103
     235     6998
     236   -21080
     237   -17652
     238   -12368
     239     7617
     240    -8850
     241     5039
     242     7954
     243    -5216
     244    -5387
     245   -17593
     246    -1335
     247     7635
     248    -2309
     249     1946
     250     2138
     251     6039
     252   -12594
     253    -1238
     254     1694
     255   -11452
     256   -11653
     257    -9535
     258    10987
     259    12782
     260    -7300
     261    -4949
     262    -4638
     263    15070
     264   -10861
     265   -12581
     266    -7789
     267    -4142
     268    10625
     269     4613
     270     4846
     271     6102
     272     2427
     273    -2087
     274    -7210
     275    -5214
     276     8950
     277     8926
     278     9029
     279    -8590
     280   -25331
     281    -7948
     282     4625
     283     4167
     284    -1053
     285    -1274
     286    -8939
     287     6836
     288    -3535
     289    -3889
     290     2919
     291    14640
     292    -1358
     293    15364
     294    16069
     295    15457
     296   -14201
     297    -9110
     298    20617
     299     1769
     300   -11456
     301    -6095
     302    -5139
     303     5113
     304   -13369
     305   -19067
     306    -4889
     307    18201
     308    -3838
     309     7605
     310   -18922
     311      -92
     312   -13509
     313     6884
     314     1555
     315    -4543
     316   -17629
     317    17408
     318   -13899
     319   -11868
     320   -18146
     321     9703
     322    19255
     323      630
     324    -5494
     325   -12427
     326    -2613
     327     -945
     328    11496
     329    -1693
     330    11638
     331    11548
     332     3602
     333    -4505
     334    -5481
     335     6486
     336      691
     337     1979
     338      191
     339      405
     340    17141
     341     9883
     342     6110
     343    25724
     344    12838
     345   -16410
     346       11
     347     2347
     348     6268
     349     4023
     350     1442
     351   -24439
     352   -15653
     353     4656
     354     9258
     355    14866
     356    -1720
     357    17076
     358   -16601
     359    -4332
     360    10070
     361   -24459
     362    -8462
     363    18792
     364    12524
     365     6317
     366    14611
     367    13799
     368    25727
     369      423
     370    15724
     371     8003
     372    -4129
     373    -4216
     374     2065
     375    20739
     376     8416
     377      530
     378    10560
     379    12336
     380    16063
     381     9878
     382    21109
     383    -4236
     384    14216
     385    13110
     386    -6814
     387     7001
     388    -3064
     389   -24848
     390    -2721
     391   -23322
     392      729
     393   -13037
     394    -6418
     395     1064
     396    10810
     397     3230
     398    12513
     399    25512
     400     3950
     401   -10069
     402    -4436
     403     2613
     404   -14216
     405     4954
     406    -6296
     407      797
     408    16973
     409    -3415
     410   -22723
     411    -6659
     412     2019
     413    -7513
     414     8967
     415    -7300
     416   -11742
     417    -9982
     418     8507
     419   -15652
     420   -11672
     421     5530
     422    -3466
     423   -17586
     424    11813
     425   -14414
     426    24874
     427     8643
     428    -3507
     429   -11320
     430    19654
     431     -231
     432     -175
     433    -5973
     434     8957
     435     8372
     436     1385
     437    -1781
     438     5832
     439    -1495
     440     8812
     441     6353
     442    -3288
     443    -4679
     444    -2455
     445   -11215
     446   -11157
     447    -9157
     448     6078
     449    16459
     450     -280
     451     3820
     452   -13818
     453      179
     454     4354
     455    -7734
     456    11529
     457    -1477
     458     5139
     459     -798
     460    -4083
     461     8497
     462    17822
     463     2059
     464    -9186
     465     2784
     466    17769
     467    13261
     468   -24401
     469    14555
     470   -13180
     471    -4784
     472    -8285
     473    -6192
     474     5758
     475     4649
     476     1719
     477    -2043
     478    -5487
     479    -3923
     480   -15591
     481   -14699
     482    -9485
     483    -5726
     484    -5060
     485    -4277
     486    23894
     487     5234
     488     4675
     489   -15092
     490    11418
     491     -222
     492     8660
     493    28296
     494   -16598
     495     7038
     496   -11097
     497     1183
     498   -24338
     499     1591
     500    -6026
     501     -918
     502   -10017
     503   -30131
     504     4245
     505    -8078
     506   -30516
     507     4717
     508   -22033
     509    -8391
     510     5185
     511     7198
     512   -10169
     513     5361
     514      222
     515    -5399
     516   -14116
     517    -1931
     518    -4846
     519    -1877
     520    -3135
     521     4126
     522   -11688
     523   -17046
     524    20896
     525   -10355
     526   -12709
     527     8232
     528   -19184
     529   -16522
     530    20979
     531     9725
     532   -11728
     533     4938
     534    22112
     535    -4548
     536   -12225
     537    -3422
     538    -2114
     539   -12134
     540     3631
     541   -10974
     542      738
     543     2549
     544     -839
     545    -7932
     546     7856
     547    21839
     548    15826
     549   -11172
     550     4394
     551    -9190
     552      -94
     553   -10015
     554     7788
     555    -3045
     556    -6305
     557   -12140
     558    -3895
     559    -6440
     560     2195
     561     -495
     562    13647
     563     3837
     564    10313
     565    -4642
     566    -8980
     567    14327
     568    22399
     569    21626
     570    -5784
     571   -11155
     572    -1945
     573     9684
     574    -5274
     575    -2532
     576    13526
     577     5356
     578    -5305
     579    14934
     580    -8863
     581    16599
     582   -23075
     583   -14298
     584    -8278
     585    -8942
     586    17456
     587     6800
     588     7919
     589    -4251
     590     7740
     591     3371
     592    -2586
     593     1569
     594    16778
     595    10455
     596     3766
     597   -20449
     598   -18339
     599   -17484
     600     9457
     601     4150
     602     3979
     603     4194
     604   -23252
     605     2613
     606    11089
     607    -6131
     608     2487
     609    -2417
     610   -10225
     611      929
     612    10642
     613    23003
     614    -7477
     615   -25702
     616   -11053
     617     2869
     618   -25649
     619    16310
     620     2780
     621    19562
     622   -17761
     623    11252
     624    -3705
     625    -4951
     626     5556
     627     -201
     628    -8305
     629     2630
     630   -14364
     631    10973
     632    -9159
     633   -12994
     634     2394
     635     5493
     636    -6124
     637    10052
     638    11810
     639    11392
     640    -4804
     641    -8450
     642    14069
     643     4020
     644   -11355
     645     4058
     646     6439
     647    -7589
     648    12534
     649    -5785
     650   -15859
     651    14295
     652   -10771
     653      354
     654    -1150
     655    -6999
     656    12607
     657   -19983
     658    14938
     659    -2695
     660    10553
     661    -3056
     662   -15796
     663   -19991
     664   -10224
     665   -13913
     666      466
     667   -15525
     668    -1148
     669    21682
     670     6726
     671     6515
     672   -10667
     673    19064
     674    20754
     675    -4638
     676    20115
     677   -21754
     678    14634
     679    -8391
     680    18303
     681    -7390
     682     7296
     683    12426
     684    -4600
     685    -3463
     686   -24139
     687      820
     688    14015
     689     1401
     690    21685
     691     6811
     692     2792
     693    14144
     694    -2523
     695    11322
     696     2754
     697    12780
     698     6619
     699     -691
     700    -6784
     701    -3474
     702     5404
     703    -6073
     704     7898
     705   -12313
     706    -1397
     707    10633
     708    -9164
     709     2656
     710     8833
     711      486
     712   -20853
     713      795
     714    -7947
     715   -14254
     716    -9535
     717    -4247
     718    -5104
     719     5004
     720    -5243
     721    27459
     722     1160
     723    23862
     724     2304
     725   -10090
     726   -10070
     727   -18568
     728   -11061
     729     4795
     730    14825
     731   -11064
     732    17739
     733   -13379
     734     5805
     735    17035
     736    12689
     737     3210
     738    -4221
     739    10912
     740     4987
     741    13756
     742    -4009
     743     -505
     744    18280
     745    -7442
     746     4686
     747    -1881
     748     4994
     749   -15166
     750    -5799
     751     1126
     752    -2695
     753    20418
     754     1458
     755   -15595
     756   -11411
     757   -10001
     758   -13521
     759    -7418
     760     2900
     761    -1770
     762    -9920
     763    -5461
     764    32335
     765    -9492
     766   -23223
     767   -13561
     768    10362
     769      144
     770    -2930
     771     8133
     772    -4652
     773    15781
     774      391
     775    -9372
     776    -2801
     777    -5878
     778     5776
     779     2224
     780     7955
     781   -12473
     782    -2273
     783    -5575
     784   -20474
     785     9046
     786    24973
     787   -23677
     788    12922
     789    -2098
     790   -11493
     791    -6280
     792      860
     793    -7200
     794      345
     795    17068
     796   -11345
     797    10827
     798    11669
     799    -6364
     800     6142
     801    -4964
     802    -8939
     803     7345
     804   -10349
     805   -20693
     806    -5093
     807     2264
     808     1024
     809     6936
     810    -7258
     811    12740
     812    -2019
     813    -5189
     814      387
     815     1333
     816    -8276
     817     5577
     818     -253
     819    -1552
     820     9769
     821     5920
     822     4024
     823   -19566
     824     1530
     825   -14842
     826    20446
     827    -7857
     828    -2028
     829     2645
     830     3188
     831     8321
     832    23578
     833    17712
     834   -16089
     835    -5301
     836    -8731
     837   -10669
     838    -1992
     839   -13994
     840    12267
     841    18743
     842    -4195
     843   -13057
     844    23234
     845   -19256
     846    16306
     847   -19388
     848   -11994
     849    14958
     850     -471
     851     6443
     852      792
     853     4959
     854    10742
     855     9323
     856    14985
     857   -13962
     858      773
     859    -9330
     860     2374
     861     5606
     862    13120
     863    -4918
     864      322
     865   -10833
     866     3154
     867     4642
     868    13835
     869    22626
     870    21298
     871    11779
     872   -16798
     873    -4072
     874      601
     875     2032
     876     2852
     877    17048
     878     2514
     879    -4354
     880   -18300
     881      981
     882    -1740
     883     2174
     884   -12060
     885   -20699
     886     7860
     887     2433
     888     5139
     889     7712
     890   -30230
     891   -16008
     892    10875
     893    -9302
     894    12027
     895    -4962
     896      526
     897    -3449
     898    -3642
     899    -3823
     900    12714
     901    -2095
     902    -3162
     903     1291
     904    23703
     905    19569
     906     2836
     907     3889
     908   -13254
     909    -2144
     910    28378
     911    -2814
     912    -8530
     913   -19122
     914   -13323
     915     2047
     916    13878
     917    13572
     918     1254
     919    -5700
     920     4436
     921     4203
     922   -16589
     923   -10680
     924     2690
     925     4630
     926    15534
     927    -5242
     928    -7431
     929    -6497
     930     7043
     931    -7967
     932    12697
     933    -5446
     934    -7506
     935   -16057
     936    21671
     937   -11808
     938    -3086
     939    -5454
     940    15819
     941       56
     942    -6722
     943    -1187
     944     1619
     945     3720
     946    -3237
     947     8173
     948   -13077
     949    13900
     950   -14735
     951     6830
     952    27386
     953    -2728
     954    -2576
     955     9813
     956     8005
     957    21196
     958     9233
     959   -14335
     960    -1621
     961      254
     962    -4271
     963    -9595
     964   -11117
     965   -10004
     966   -10702
     967    11524
     968    -6033
     969     4521
     970    23991
     971   -12823
     972    22836
     973     5504
     974     5673
     975    -5169
     976      112
     977     3573
     978    -5547
     979   -15887
     980    21934
     981    17481
     982     2257
     983    -4613
     984    -1246
     985    -2096
     986    17933
     987   -14016
     988     8714
     989     5242
     990    -2972
     991    12869
     992     6467
     993     2195
     994     -844
     995   -27199
     996    -4872
     997    19380
     998    -6335
     999    25117
    1000     2857
    1001    -3595
    1002    -7011
    1003    12416
    1004      -84
    1005   -17893
    1006    -5529
    1007    -4329
    1008    -4889
    1009    12296
    1010    10206
    1011    11135
    1012     2942
    1013   -17391
    1014     6445
    1015    -8782
    1016    20923
    1017    -2132
    1018     9065
    1019    18577
    1020     9519
    1021     2435
    1022     3351
    1023     -117
    1024    -1456
    1025    -6990
    1026     -570
    1027    20007
    1028   -14817
    1029   -14160
    1030     7399
    1031     -633
    1032    -4927
    1033   -24227
    1034   -17929
    1035    -8391
    1036     1094
    1037    -7322
    1038     2213
    1039   -10137
    1040    30949
    1041     1192
    1042    -7526
    1043    10048
    1044    -4904
    1045     8594
    1046    -7008
    1047    18783
    1048     8953
    1049   -13594
    1050     -664
    1051    -5161
    1052    -4730
    1053    -8757
    1054    -1256
    1055    11002
    1056    -2684
    1057     2866
    1058     2987
    1059    -4161
    1060   -16935
    1061     4811
    1062    14270
    1063     7254
    1064   -10556
    1065    11455
    1066    11331
    1067    -6793
    1068    18509
    1069    14564
    1070     -269
    1071    14272
    1072    -4130
    1073    -6819
    1074    -4856
    1075   -10937
    1076    23251
    1077   -24100
    1078     3575
    1079     7554
    1080     6036
    1081     2213
    1082    -1830
    1083    15494
    1084    -9456
    1085    21413
    1086     6817
    1087     4156
    1088    -5012
    1089     6298
    1090    -9282
    1091     5633
    1092     3301
    1093     1100
    1094     2755
    1095    -4256
    1096   -23268
    1097      777
    1098     6259
    1099    -9694
    1100   -13877
    1101     2025
    1102    -4166
    1103   -16327
    1104     8181
    1105     2854
    1106    23484
    1107    -5280
    1108      -78
    1109    -7570
    1110    14753
    1111    14540
    1112    -8964
    1113    12877
    1114    24583
    1115    -4201
    1116    -8254
    1117     8145
    1118     1739
    1119    -5900
    1120     8983
    1121    16270
    1122    19505
    1123     1993
    1124     4022
    1125    11890
    1126    -2576
    1127     -218
    1128     9966
    1129    17478
    1130   -10995
    1131    -5261
    1132     4421
    1133    -8115
    1134     2465
    1135     4268
    1136     2895
    1137   -13384
    1138    10590
    1139   -10727
    1140      -32
    1141    11290
    1142     7331
    1143    17469
    1144    12055
    1145     8164
    1146    -6605
    1147    21080
    1148    10593
    1149   -15625
    1150    -6932
    1151    11000
    1152    -7730
    1153     2873
    1154     -512
    1155     5973
    1156    -7893
    1157   -11941
    1158     8328
    1159    17760
    1160    -4127
    1161    11062
    1162   -16950
    1163    -2105
    1164   -14660
    1165     -555
    1166   -11557
    1167     2458
    1168     -189
    1169   -26921
    1170     2764
    1171    17163
    1172     2102
    1173    -1326
    1174     -184
    1175    -4374
    1176   -11847
    1177   -20640
    1178     5295
    1179    -9718
    1180    -7108
    1181    17624
    1182     9582
    1183    19490
    1184    10019
    1185     1933
    1186    14643
    1187    10125
    1188   -15827
    1189    16407
    1190    -2119
    1191    -5305
    1192     4162
    1193     9966
    1194     6031
    1195    13045
    1196     2194
    1197     6349
    1198   -16948
    1199    -5241
    1200    15360
    1201     4539
    1202     4286
    1203   -14036
    1204      695
    1205    20736
    1206    10196
    1207     -126
    1208     7661
    1209    -8026
    1210    -5765
    1211     3595
    1212     6592
    1213   -16477
    1214    -6326
    1215     2960
    1216   -14330
    1217     9151
    1218    -9453
    1219     -225
    1220    -8940
    1221     3689
    1222     3791
    1223   -12514
    1224    -5356
    1225     3737
    1226    -3557
    1227     2335
    1228   -10384
    1229    -3705
    1230   -11898
    1231    -2359
    1232    -2246
    1233     3614
    1234   -12399
    1235    -9524
    1236    13997
    1237     4623
    1238    -3615
    1239    -1748
    1240    -8745
    1241    11354
    1242    -6450
    1243    15645
    1244   -11419
    1245     5624
    1246   -10615
    1247    20286
    1248   -16863
    1249   -18353
    1250    -1572
    1251    -5998
    1252    32440
    1253   -10119
    1254   -17880
    1255     4123
    1256      582
    1257    -9632
    1258    14103
    1259    -6998
    1260    21080
    1261    17652
    1262    12368
    1263    -7617
    1264     8850
    1265    -5039
    1266    -7954
    1267     5216
    1268     5387
    1269    17593
    1270     1335
    1271    -7635
    1272     2309
    1273    -1946
    1274    -2138
    1275    -6039
    1276    12594
    1277     1238
    1278    -1694
    1279    11452
    1280    11653
    1281     9535
    1282   -10987
    1283   -12782
    1284     7300
    1285     4949
    1286     4638
    1287   -15070
    1288    10861
    1289    12581
    1290     7789
    1291     4142
    1292   -10625
    1293    -4613
    1294    -4846
    1295    -6102
    1296    -2427
    1297     2087
    1298     7210
    1299     5214
    1300    -8950
    1301    -8926
    1302    -9029
    1303     8590
    1304    25331
    1305     7948
    1306    -4625
    1307    -4167
    1308     1053
    1309     1274
    1310     8939
    1311    -6836
    1312     3535
    1313     3889
    1314    -2919
    1315   -14640
    1316     1358
    1317   -15364
    1318   -16069
    1319   -15457
    1320    14201
    1321     9110
    1322   -20617
    1323    -1769
    1324    11456
    1325     6095
    1326     5139
    1327    -5113
    1328    13369
    1329    19067
    1330     4889
    1331   -18201
    1332     3838
    1333    -7605
    1334    18922
    1335       92
    1336    13509
    1337    -6884
    1338    -1555
    1339     4543
    1340    17629
    1341   -17408
    1342    13899
    1343    11868
    1344    18146
    1345    -9703
    1346   -19255
    1347     -630
    1348     5494
    1349    12427
    1350     2613
    1351      945
    1352   -11496
    1353     1693
    1354   -11638
    1355   -11548
    1356    -3602
    1357     4505
    1358     5481
    1359    -6486
    1360     -691
    1361    -1979
    1362     -191
    1363     -405
    1364   -17141
    1365    -9883
    1366    -6110
    1367   -25724
    1368   -12838
    1369    16410
    1370      -11
    1371    -2347
    1372    -6268
    1373    -4023
    1374    -1442
    1375    24439
    1376    15653
    1377    -4656
    1378    -9258
    1379   -14866
    1380     1720
    1381   -17076
    1382    16601
    1383     4332
    1384   -10070
    1385    24459
    1386     8462
    1387   -18792
    1388   -12524
    1389    -6317
    1390   -14611
    1391   -13799
    1392   -25727
    1393     -423
    1394   -15724
    1395    -8003
    1396     4129
    1397     4216
    1398    -2065
    1399   -20739
    1400    -8416
    1401     -530
    1402   -10560
    1403   -12336
    1404   -16063
    1405    -9878
    1406   -21109
    1407     4236
    1408   -14216
    1409   -13110
    1410     6814
    1411    -7001
    1412     3064
    1413    24848
    1414     2721
    1415    23322
    1416     -729
    1417    13037
    1418     6418
    1419    -1064
    1420   -10810
    1421    -3230
    1422   -12513
    1423   -25512
    1424    -3950
    1425    10069
    1426     4436
    1427    -2613
    1428    14216
    1429    -4954
    1430     6296
    1431     -797
    1432   -16973
    1433     3415
    1434    22723
    1435     6659
    1436    -2019
    1437     7513
    1438    -8967
    1439     7300
    1440    11742
    1441     9982
    1442    -8507
    1443    15652
    1444    11672
    1445    -5530
    1446     3466
    1447    17586
    1448   -11813
    1449    14414
    1450   -24874
    1451    -8643
    1452     3507
    1453    11320
    1454   -19654
    1455      231
    1456      175
    1457     5973
    1458    -8957
    1459    -8372
    1460    -1385
    1461     1781
    1462    -5832
    1463     1495
    1464    -8812
    1465    -6353
    1466     3288
    1467     4679
    1468     2455
    1469    11215
    1470    11157
    1471     9157
    1472    -6078
    1473   -16459
    1474      280
    1475    -3820
    1476    13818
    1477     -179
    1478    -4354
    1479     7734
    1480   -11529
    1481     1477
    1482    -5139
    1483      798
    1484     4083
    1485    -8497
    1486   -17822
    1487    -2059
    1488     9186
    1489    -2784
    1490   -17769
    1491   -13261
    1492    24401
    1493   -14555
    1494    13180
    1495     4784
    1496     8285
    1497     6192
    1498    -5758
    1499    -4649
    1500    -1719
    1501     2043
    1502     5487
    1503     3923
    1504    15591
    1505    14699
    1506     9485
    1507     5726
    1508     5060
    1509     4277
    1510   -23894
    1511    -5234
    1512    -4675
    1513    15092
    1514   -11418
    1515      222
    1516    -8660
    1517   -28296
    1518    16598
    1519    -7038
    1520    11097
    1521    -1183
    1522    24338
    1523    -1591
    1524     6026
    1525      918
    1526    10017
    1527    30131
    1528    -4245
    1529     8078
    1530    30516
    1531    -4717
    1532    22033
    1533     8391
    1534    -5185
    1535    -7198
    1536    10169
    1537    -5361
    1538     -222
    1539     5399
    1540    14116
    1541     1931
    1542     4846
    1543     1877
    1544     3135
    1545    -4126
    1546    11688
    1547    17046
    1548   -20896
    1549    10355
    1550    12709
    1551    -8232
    1552    19184
    1553    16522
    1554   -20979
    1555    -9725
    1556    11728
    1557    -4938
    1558   -22112
    1559     4548
    1560    12225
    1561     3422
    1562     2114
    1563    12134
    1564    -3631
    1565    10974
    1566     -738
    1567    -2549
    1568      839
    1569     7932
    1570    -7856
    1571   -21839
    1572   -15826
    1573    11172
    1574    -4394
    1575     9190
    1576       94
    1577    10015
    1578    -7788
    1579     3045
    1580     6305
    1581    12140
    1582     3895
    1583     6440
    1584    -2195
    1585      495
    1586   -13647
    1587    -3837
    1588   -10313
    1589     4642
    1590     8980
    1591   -14327
    1592   -22399
    1593   -21626
    1594     5784
    1595    11155
    1596     1945
    1597    -9684
    1598     5274
    1599     2532
    1600   -13526
    1601    -5356
    1602     5305
    1603   -14934
    1604     8863
    1605   -16599
    1606    23075
    1607    14298
    1608     8278
    1609     8942
    1610   -17456
    1611    -6800
    1612    -7919
    1613     4251
    1614    -7740
    1615    -3371
    1616     2586
    1617    -1569
    1618   -16778
    1619   -10455
    1620    -3766
    1621    20449
    1622    18339
    1623    17484
    1624    -9457
    1625    -4150
    1626    -3979
    1627    -4194
    1628    23252
    1629    -2613
    1630   -11089
    1631     6131
    1632    -2487
    1633     2417
    1634    10225
    1635     -929
    1636   -10642
    1637   -23003
    1638     7477
    1639    25702
    1640    11053
    1641    -2869
    1642    25649
    1643   -16310
    1644    -2780
    1645   -19562
    1646    17761
    1647   -11252
    1648     3705
    1649     4951
    1650    -5556
    1651      201
    1652     8305
    1653    -2630
    1654    14364
    1655   -10973
    1656     9159
    1657    12994
    1658    -2394
    1659    -5493
    1660     6124
    1661   -10052
    1662   -11810
    1663   -11392
    1664     4804
    1665     8450
    1666   -14069
    1667    -4020
    1668    11355
    1669    -4058
    1670    -6439
    1671     7589
    1672   -12534
    1673     5785
    1674    15859
    1675   -14295
    1676    10771
    1677     -354
    1678     1150
    1679     6999
    1680   -12607
    1681    19983
    1682   -14938
    1683     2695
    1684   -10553
    1685     3056
    1686    15796
    1687    19991
    1688    10224
    1689    13913
    1690     -466
    1691    15525
    1692     1148
    1693   -21682
    1694    -6726
    1695    -6515
    1696    10667
    1697   -19064
    1698   -20754
    1699     4638
    1700   -20115
    1701    21754
    1702   -14634
    1703     8391
    1704   -18303
    1705     7390
    1706    -7296
    1707   -12426
    1708     4600
    1709     3463
    1710    24139
    1711     -820
    1712   -14015
    1713    -1401
    1714   -21685
    1715    -6811
    1716    -2792
    1717   -14144
    1718     2523
    1719   -11322
    1720    -2754
    1721   -12780
    1722    -6619
    1723      691
    1724     6784
    1725     3474
    1726    -5404
    1727     6073
    1728    -7898
    1729    12313
    1730     1397
    1731   -10633
    1732     9164
    1733    -2656
    1734    -8833
    1735     -486
    1736    20853
    1737     -795
    1738     7947
    1739    14254
    1740     9535
    1741     4247
    1742     5104
    1743    -5004
    1744     5243
    1745   -27459
    1746    -1160
    1747   -23862
    1748    -2304
    1749    10090
    1750    10070
    1751    18568
    1752    11061
    1753    -4795
    1754   -14825
    1755    11064
    1756   -17739
    1757    13379
    1758    -5805
    1759   -17035
    1760   -12689
    1761    -3210
    1762     4221
    1763   -10912
    1764    -4987
    1765   -13756
    1766     4009
    1767      505
    1768   -18280
    1769     7442
    1770    -4686
    1771     1881
    1772    -4994
    1773    15166
    1774     5799
    1775    -1126
    1776     2695
    1777   -20418
    1778    -1458
    1779    15595
    1780    11411
    1781    10001
    1782    13521
    1783     7418
    1784    -2900
    1785     1770
    1786     9920
    1787     5461
    1788   -32335
    1789     9492
    1790    23223
    1791    13561
    1792   -10362
    1793     -144
    1794     2930
    1795    -8133
    1796     4652
    1797   -15781
    1798     -391
    1799     9372
    1800     2801
    1801     5878
    1802    -5776
    1803    -2224
    1804    -7955
    1805    12473
    1806     2273
    1807     5575
    1808    20474
    1809    -9046
    1810   -24973
    1811    23677
    1812   -12922
    1813     2098
    1814    11493
    1815     6280
    1816     -860
    1817     7200
    1818     -345
    1819   -17068
    1820    11345
    1821   -10827
    1822   -11669
    1823     6364
    1824    -6142
    1825     4964
    1826     8939
    1827    -7345
    1828    10349
    1829    20693
    1830     5093
    1831    -2264
    1832    -1024
    1833    -6936
    1834     7258
    1835   -12740
    1836     2019
    1837     5189
    1838     -387
    1839    -1333
    1840     8276
    1841    -5577
    1842      253
    1843     1552
    1844    -9769
    1845    -5920
    1846    -4024
    1847    19566
    1848    -1530
    1849    14842
    1850   -20446
    1851     7857
    1852     2028
    1853    -2645
    1854    -3188
    1855    -8321
    1856   -23578
    1857   -17712
    1858    16089
    1859     5301
    1860     8731
    1861    10669
    1862     1992
    1863    13994
    1864   -12267
    1865   -18743
    1866     4195
    1867    13057
    1868   -23234
    1869    19256
    1870   -16306
    1871    19388
    1872    11994
    1873   -14958
    1874      471
    1875    -6443
    1876     -792
    1877    -4959
    1878   -10742
    1879    -9323
    1880   -14985
    1881    13962
    1882     -773
    1883     9330
    1884    -2374
    1885    -5606
    1886   -13120
    1887     4918
    1888     -322
    1889    10833
    1890    -3154
    1891    -4642
    1892   -13835
    1893   -22626
    1894   -21298
    1895   -11779
    1896    16798
    1897     4072
    1898     -601
    1899    -2032
    1900    -2852
    1901   -17048
    1902    -2514
    1903     4354
    1904    18300
    1905     -981
    1906     1740
    1907    -2174
    1908    12060
    1909    20699
    1910    -7860
    1911    -2433
    1912    -5139
    1913    -7712
    1914    30230
    1915    16008
    1916   -10875
    1917     9302
    1918   -12027
    1919     4962
    1920     -526
    1921     3449
    1922     3642
    1923     3823
    1924   -12714
    1925     2095
    1926     3162
    1927    -1291
    1928   -23703
    1929   -19569
    1930    -2836
    1931    -3889
    1932    13254
    1933     2144
    1934   -28378
    1935     2814
    1936     8530
    1937    19122
    1938    13323
    1939    -2047
    1940   -13878
    1941   -13572
    1942    -1254
    1943     5700
    1944    -4436
    1945    -4203
    1946    16589
    1947    10680
    1948    -2690
    1949    -4630
    1950   -15534
    1951     5242
    1952     7431
    1953     6497
    1954    -7043
    1955     7967
    1956   -12697
    1957     5446
    1958     7506
    1959    16057
    1960   -21671
    1961    11808
    1962     3086
    1963     5454
    1964   -15819
    1965      -56
    1966     6722
    1967     1187
    1968    -1619
    1969    -3720
    1970     3237
    1971    -8173
    1972    13077
    1973   -13900
    1974    14735
    1975    -6830
    1976   -27386
    1977     2728
    1978     2576
    1979    -9813
    1980    -8005
    1981   -21196
    1982    -9233
    1983    14335
    1984     1621
    1985     -254
    1986     4271
    1987     9595
    1988    11117
    1989    10004
    1990    10702
    1991   -11524
    1992     6033
    1993    -4521
    1994   -23991
    1995    12823
    1996   -22836
    1997    -5504
    1998    -5673
    1999     5169
    2000     -112
    2001    -3573
    2002     5547
    2003    15887
    2004   -21934
    2005   -17481
    2006    -2257
    2007     4613
    2008     1246
    2009     2096
    2010   -17933
    2011    14016
    2012    -8714
    2013    -5242
    2014     2972
    2015   -12869
    2016    -6467
    2017    -2195
    2018      844
    2019    27199
    2020     4872
    2021   -19380
    2022     6335
    2023   -25117
    2024    -2857
    2025     3595
    2026     7011
    2027   -12416
    2028       84
    2029    17893
    2030     5529
    2031     4329
    2032     4889
    2033   -12296
    2034   -10206
    2035   -11135
    2036    -2942
    2037    17391
    2038    -6445
    2039     8782
    2040   -20923
    2041     2132
    2042    -9065
    2043   -18577
    2044    -9519
    2045    -2435
    2046    -3351
    2047      117
